,Class,Present,Absent,Leave,Total
0,Nursery,63,17,0,80
1,I,61,13,0,74
2,II,67,11,0,78
3,III,75,4,0,79
4,IV,71,7,0,78
5,V,75,7,0,82
6,VI,201,67,0,268
7,VII,221,72,0,293
8,VIII,239,62,0,301
9,IX,281,122,2,405
10,X,118,17,0,135
11,XI Science,0,0,0,0
12,XI Arts,126,30,1,157
13,XI Commerce,17,3,1,21
14,XI Vocational,0,0,0,0
15,XII Science,0,0,0,0
16,XII Arts,95,32,0,127
17,XII Commerce,23,0,0,23
18,XII Vocational,0,0,0,0
