,Class,Present,Absent,Leave,Total
0,Nursery,0,0,0,0
1,I,0,0,0,0
2,II,0,0,0,0
3,III,0,0,0,0
4,IV,0,0,0,0
5,V,0,0,0,0
6,VI,202,106,0,308
7,VII,200,93,0,293
8,VIII,247,64,0,311
9,IX,300,105,0,405
10,X,114,21,0,135
11,XI Science,0,0,0,0
12,XI Arts,126,31,0,157
13,XI Commerce,18,3,0,21
14,XI Vocational,0,0,0,0
15,XII Science,0,0,0,0
16,XII Arts,125,1,0,126
17,XII Commerce,23,23,0,46
18,XII Vocational,0,0,0,0
