,Class,Present,Absent,Leave,Total
0,Nursery,55,25,0,80
1,I,52,22,0,74
2,II,56,22,0,78
3,III,64,14,1,79
4,IV,68,10,0,78
5,V,68,14,0,82
6,VI,209,98,0,307
7,VII,216,76,0,292
8,VIII,208,102,0,310
9,IX,285,119,0,404
10,X,102,33,0,135
11,XI Science,0,0,0,0
12,XI Arts,120,37,0,157
13,XI Commerce,16,2,3,21
14,XI Vocational,0,0,0,0
15,XII Science,0,0,0,0
16,XII Arts,55,64,7,126
17,XII Commerce,12,11,0,23
18,XII Vocational,0,0,0,0
