,Class,Present,Absent,Leave,Total
0,Nursery,60,18,0,78
1,I,60,14,0,74
2,II,60,17,0,77
3,III,70,9,0,79
4,IV,70,8,0,78
5,V,70,12,0,82
6,VI,250,53,0,303
7,VII,250,14,0,264
8,VIII,280,27,2,309
9,IX,250,140,6,396
10,X,110,25,0,135
11,XI Science,0,0,0,0
12,XI Arts,125,28,4,157
13,XI Commerce,15,6,0,21
14,XI Vocational,0,0,0,0
15,XII Science,0,0,0,0
16,XII Arts,100,25,1,126
17,XII Commerce,12,11,0,23
18,XII Vocational,0,0,0,0
