,Class,Present,Absent,Leave,Total
0,Nursery,62,16,0,78
1,I,67,7,0,74
2,II,72,6,0,78
3,III,69,8,2,79
4,IV,71,7,0,78
5,V,69,13,0,82
6,VI,243,64,0,307
7,VII,218,74,0,292
8,VIII,280,27,2,309
9,IX,350,30,0,380
10,X,115,20,0,135
11,XI Science,0,0,0,0
12,XI Arts,123,28,4,155
13,XI Commerce,19,1,1,21
14,XI Vocational,0,0,0,0
15,XII Science,0,0,0,0
16,XII Arts,103,11,12,126
17,XII Commerce,23,0,0,23
18,XII Vocational,0,0,0,0
