,Class,Present,Absent,Leave,Total
0,Nursery,67,11,0,78
1,I,72,2,0,74
2,II,76,2,0,78
3,III,77,2,0,79
4,IV,75,3,0,78
5,V,77,5,0,82
6,VI,240,67,0,307
7,VII,210,82,0,292
8,VIII,224,85,0,309
9,IX,350,30,0,380
10,X,108,27,0,135
11,XI Science,0,0,0,0
12,XI Arts,114,40,0,154
13,XI Commerce,19,0,2,21
14,XI Vocational,0,0,0,0
15,XII Science,0,0,0,0
16,XII Arts,86,32,8,126
17,XII Commerce,19,4,0,23
18,XII Vocational,0,0,0,0
