,Class,Present,Absent,Leave,Total
0,Nursery,61,17,0,78
1,I,61,13,0,74
2,II,58,20,0,78
3,III,53,19,7,79
4,IV,70,8,0,78
5,V,70,12,0,82
6,VI,231,74,2,307
7,VII,193,105,0,298
8,VIII,224,85,0,309
9,IX,373,23,0,396
10,X,100,35,0,135
11,XI Science,0,0,0,0
12,XI Arts,124,30,0,154
13,XI Commerce,19,1,1,21
14,XI Vocational,0,0,0,0
15,XII Science,0,0,0,0
16,XII Arts,94,22,8,124
17,XII Commerce,23,0,0,23
18,XII Vocational,0,0,0,0
