,Class,Present,Absent,Leave,Total
0,Nursery,76,2,0,78
1,I,73,1,0,74
2,II,77,1,0,78
3,III,77,2,0,79
4,IV,78,0,0,78
5,V,82,0,0,82
6,VI,240,62,2,304
7,VII,235,57,0,292
8,VIII,268,39,0,307
9,IX,313,80,3,396
10,X,111,24,0,135
11,XI Science,0,0,0,0
12,XI Arts,125,31,0,156
13,XI Commerce,16,0,5,21
14,XI Vocational,0,0,0,0
15,XII Science,0,0,0,0
16,XII Arts,125,1,0,126
17,XII Commerce,23,0,0,23
18,XII Vocational,0,0,0,0
