,Class,Present,Absent,Leave,Total
0,Nursery,0,0,0,0
1,I,0,0,0,0
2,II,0,0,0,0
3,III,0,0,0,0
4,IV,0,0,0,0
5,V,0,0,0,0
6,VI,234,73,0,307
7,VII,179,110,0,289
8,VIII,262,34,0,296
9,IX,256,139,0,395
10,X,92,43,0,135
11,XI Science,0,0,0,0
12,XI Arts,45,110,0,155
13,XI Commerce,16,5,0,21
14,XI Vocational,0,0,0,0
15,XII Science,0,0,0,0
16,XII Arts,0,0,0,0
17,XII Commerce,0,0,0,0
18,XII Vocational,0,0,0,0
