,Class,Present,Absent,Leave,Total
0,Nursery,0,0,0,0
1,I,0,0,0,0
2,II,0,0,0,0
3,III,0,0,0,0
4,IV,0,0,0,0
5,V,0,0,0,0
6,VI,221,80,2,303
7,VII,156,135,0,291
8,VIII,176,129,1,306
9,IX,188,206,2,396
10,X,69,66,0,135
11,XI Science,0,0,0,0
12,XI Arts,147,9,0,156
13,XI Commerce,16,0,5,21
14,XI Vocational,0,0,0,0
15,XII Science,0,0,0,0
16,XII Arts,0,0,0,0
17,XII Commerce,0,0,0,0
18,XII Vocational,0,0,0,0
