,Class,Present,Absent,Leave,Total
0,Nursery,65,16,1,82
1,I,65,12,0,77
2,II,68,11,0,79
3,III,70,9,0,79
4,IV,73,6,0,79
5,V,70,10,0,80
6,VI,221,63,3,287
7,VII,230,53,3,286
8,VIII,230,51,0,281
9,IX,392,94,7,493
10,X,127,29,0,156
11,XI Science,0,0,0,0
12,XI Arts,100,28,1,129
13,XI Commerce,19,2,0,21
14,XI Vocational,0,0,0,0
15,XII Science,0,0,0,0
16,XII Arts,117,0,0,117
17,XII Commerce,20,0,0,20
18,XII Vocational,0,0,0,0
