,Class,Present,Absent,Leave,Total
0,Nursery,63,18,1,82
1,I,66,11,0,77
2,II,67,12,0,79
3,III,68,11,0,79
4,IV,73,6,0,79
5,V,76,4,0,80
6,VI,220,64,3,287
7,VII,249,37,0,286
8,VIII,242,39,0,281
9,IX,399,91,3,493
10,X,134,19,3,156
11,XI Science,0,0,0,0
12,XI Arts,95,29,5,129
13,XI Commerce,19,2,0,21
14,XI Vocational,0,0,0,0
15,XII Science,0,0,0,0
16,XII Arts,116,1,0,117
17,XII Commerce,20,0,0,20
18,XII Vocational,0,0,0,0
