,Class,Present,Absent,Leave,Total
0,Nursery,64,17,1,82
1,I,63,14,0,77
2,II,64,15,0,79
3,III,72,7,0,79
4,IV,69,10,0,79
5,V,72,8,0,80
6,VI,235,48,4,287
7,VII,223,60,5,288
8,VIII,226,57,0,283
9,IX,394,85,14,493
10,X,135,20,1,156
11,XI Science,0,0,0,0
12,XI Arts,110,17,2,129
13,XI Commerce,19,1,1,21
14,XI Vocational,0,0,0,0
15,XII Science,0,0,0,0
16,XII Arts,100,17,0,117
17,XII Commerce,14,4,2,20
18,XII Vocational,0,0,0,0
