,Class,Present,Absent,Leave,Total
0,Nursery,70,11,1,82
1,I,62,15,0,77
2,II,67,12,0,79
3,III,66,13,0,79
4,IV,69,9,1,79
5,V,69,11,0,80
6,VI,237,50,0,287
7,VII,247,38,1,286
8,VIII,234,47,0,281
9,IX,410,80,3,493
10,X,132,24,0,156
11,XI Science,0,0,0,0
12,XI Arts,98,30,1,129
13,XI Commerce,19,2,0,21
14,XI Vocational,0,0,0,0
15,XII Science,0,0,0,0
16,XII Arts,61,56,0,117
17,XII Commerce,16,3,1,20
18,XII Vocational,0,0,0,0
