,Class,Present,Absent,Leave,Total
0,Nursery,65,16,1,82
1,I,65,12,0,77
2,II,69,10,0,79
3,III,71,8,0,79
4,IV,71,7,1,79
5,V,75,5,0,80
6,VI,245,42,0,287
7,VII,248,38,0,286
8,VIII,237,44,0,281
9,IX,416,74,3,493
10,X,132,24,0,156
11,XI Science,0,0,0,0
12,XI Arts,115,13,1,129
13,XI Commerce,20,1,0,21
14,XI Vocational,0,0,0,0
15,XII Science,0,0,0,0
16,XII Arts,90,27,0,117
17,XII Commerce,19,1,0,20
18,XII Vocational,0,0,0,0
