,Class,Present,Absent,Leave,Total
0,Nursery,68,13,1,82
1,I,60,17,0,77
2,II,63,16,0,79
3,III,69,10,0,79
4,IV,71,8,0,79
5,V,71,9,0,80
6,VI,222,61,4,287
7,VII,232,53,3,288
8,VIII,236,47,0,283
9,IX,383,100,10,493
10,X,137,18,1,156
11,XI Science,0,0,0,0
12,XI Arts,102,25,2,129
13,XI Commerce,20,1,0,21
14,XI Vocational,0,0,0,0
15,XII Science,0,0,0,0
16,XII Arts,91,25,1,117
17,XII Commerce,12,3,5,20
18,XII Vocational,0,0,0,0
