,Class,Present,Absent,Leave,Total
0,Nursery,0,82,0,82
1,I,0,77,0,77
2,II,0,79,0,79
3,III,0,79,0,79
4,IV,75,4,0,79
5,V,78,2,0,80
6,VI,238,49,0,287
7,VII,219,67,0,286
8,VIII,247,34,0,281
9,IX,358,125,10,493
10,X,0,156,0,156
11,XI Science,0,0,0,0
12,XI Arts,0,129,0,129
13,XI Commerce,0,21,0,21
14,XI Vocational,0,0,0,0
15,XII Science,0,0,0,0
16,XII Arts,21,88,8,117
17,XII Commerce,1,19,0,20
18,XII Vocational,0,0,0,0
