,Class,Present,Absent,Leave,Total
0,Nursery,25,57,0,82
1,I,12,65,0,77
2,II,15,64,0,79
3,III,22,57,0,79
4,IV,44,35,0,79
5,V,61,19,0,80
6,VI,180,106,1,287
7,VII,235,51,0,286
8,VIII,210,71,0,281
9,IX,377,106,10,493
10,X,118,37,1,156
11,XI Science,0,0,0,0
12,XI Arts,80,43,6,129
13,XI Commerce,18,3,0,21
14,XI Vocational,0,0,0,0
15,XII Science,0,0,0,0
16,XII Arts,115,2,0,117
17,XII Commerce,20,0,0,20
18,XII Vocational,0,0,0,0
