,Class,Present,Absent,Leave,Total
0,Nursery,52,29,1,82
1,I,59,18,0,77
2,II,60,19,0,79
3,III,65,14,0,79
4,IV,68,10,1,79
5,V,67,13,0,80
6,VI,202,86,0,288
7,VII,208,81,0,289
8,VIII,219,66,0,285
9,IX,354,138,1,493
10,X,119,35,2,156
11,XI Science,0,0,0,0
12,XI Arts,101,29,0,130
13,XI Commerce,20,1,0,21
14,XI Vocational,0,0,0,0
15,XII Science,0,0,0,0
16,XII Arts,90,26,1,117
17,XII Commerce,16,1,3,20
18,XII Vocational,0,0,0,0
