,Class,Present,Absent,Leave,Total
0,Nursery,61,20,1,82
1,I,63,14,0,77
2,II,68,11,0,79
3,III,64,15,0,79
4,IV,72,5,2,79
5,V,73,7,0,80
6,VI,227,60,1,288
7,VII,234,55,0,289
8,VIII,239,45,0,284
9,IX,406,84,3,493
10,X,139,17,0,156
11,XI Science,0,0,0,0
12,XI Arts,91,39,0,130
13,XI Commerce,19,2,0,21
14,XI Vocational,0,0,0,0
15,XII Science,0,0,0,0
16,XII Arts,95,22,0,117
17,XII Commerce,20,0,0,20
18,XII Vocational,0,0,0,0
