,Class,Present,Absent,Leave,Total
0,Nursery,55,26,1,82
1,I,57,20,0,77
2,II,50,29,0,79
3,III,61,18,0,79
4,IV,66,12,1,79
5,V,70,10,0,80
6,VI,224,63,1,288
7,VII,233,55,0,288
8,VIII,229,55,0,284
9,IX,380,110,3,493
10,X,100,54,2,156
11,XI Science,0,0,0,0
12,XI Arts,76,54,0,130
13,XI Commerce,15,6,0,21
14,XI Vocational,0,0,0,0
15,XII Science,0,0,0,0
16,XII Arts,64,53,0,117
17,XII Commerce,10,10,0,20
18,XII Vocational,0,0,0,0
