,Class,Present,Absent,Leave,Total
0,Nursery,64,17,1,82
1,I,63,14,0,77
2,II,69,10,0,79
3,III,73,6,0,79
4,IV,73,6,0,79
5,V,68,12,0,80
6,VI,236,43,9,288
7,VII,239,46,3,288
8,VIII,247,36,0,283
9,IX,396,93,4,493
10,X,132,18,6,156
11,XI Science,0,0,0,0
12,XI Arts,111,19,0,130
13,XI Commerce,18,3,0,21
14,XI Vocational,0,0,0,0
15,XII Science,0,0,0,0
16,XII Arts,89,28,0,117
17,XII Commerce,17,2,1,20
18,XII Vocational,0,0,0,0
