,Class,Present,Absent,Leave,Total
0,Nursery,66,15,1,82
1,I,61,16,0,77
2,II,65,14,0,79
3,III,70,9,0,79
4,IV,71,8,0,79
5,V,70,10,0,80
6,VI,229,57,2,288
7,VII,214,74,0,288
8,VIII,238,45,0,283
9,IX,395,89,9,493
10,X,129,26,1,156
11,XI Science,0,0,0,0
12,XI Arts,97,32,0,129
13,XI Commerce,18,3,0,21
14,XI Vocational,0,0,0,0
15,XII Science,0,0,0,0
16,XII Arts,74,40,3,117
17,XII Commerce,10,2,8,20
18,XII Vocational,0,0,0,0
