,Class,Present,Absent,Leave,Total
0,Nursery,45,36,1,82
1,I,44,33,0,77
2,II,51,28,0,79
3,III,44,35,0,79
4,IV,49,30,0,79
5,V,58,22,0,80
6,VI,218,68,2,288
7,VII,228,57,3,288
8,VIII,220,63,0,283
9,IX,372,112,9,493
10,X,121,34,1,156
11,XI Science,0,0,0,0
12,XI Arts,107,21,1,129
13,XI Commerce,20,1,0,21
14,XI Vocational,0,0,0,0
15,XII Science,0,0,0,0
16,XII Arts,83,33,1,117
17,XII Commerce,10,10,0,20
18,XII Vocational,0,0,0,0
